falling 0.9962 87 114 150 162
falling 0.4796 243 100 264 127
falling 0.4059 1 58 138 173
falling 0.1519 246 79 261 119
falling 0.1432 122 147 257 178
falling 0.1352 0 41 27 171
falling 0.1299 32 117 144 179
falling 0.0969 0 70 7 163
falling 0.0932 96 132 147 168
falling 0.0830 63 146 189 179
falling 0.0720 57 166 208 179
falling 0.0650 0 66 16 163
falling 0.0453 248 67 262 98
falling 0.0437 145 84 196 135
falling 0.0232 1 132 117 179
falling 0.0219 0 41 70 169
falling 0.0212 251 73 263 107
