falling 0.9549 265 355 589 465
falling 0.7709 0 371 192 482
falling 0.5988 2 285 158 503
falling 0.5023 505 109 601 238
falling 0.4901 474 107 673 244
falling 0.4720 0 290 131 409
falling 0.4234 191 328 632 491
falling 0.3720 -1 260 223 430
falling 0.3698 170 52 761 513
falling 0.3166 575 123 682 243
falling 0.1990 584 118 788 351
falling 0.1770 512 106 789 253
falling 0.1740 709 238 774 297
falling 0.1197 247 151 640 492
falling 0.1153 677 246 801 347
falling 0.0643 15 300 309 517
falling 0.0523 279 144 392 242
falling 0.0465 556 162 677 228
falling 0.0384 407 187 541 234
falling 0.0347 288 173 423 234
falling 0.0338 400 100 788 406
falling 0.0306 418 155 563 234
falling 0.0240 54 272 534 507
falling 0.0202 144 486 400 530
