falling 0.9928 430 491 690 818
falling 0.6879 651 189 936 256
falling 0.6684 568 170 677 253
falling 0.5553 531 160 999 313
falling 0.5316 410 427 517 564
falling 0.5016 362 406 509 596
falling 0.4882 95 164 431 450
falling 0.2813 826 84 926 195
falling 0.2408 120 164 335 368
falling 0.1316 326 277 512 602
falling 0.1064 112 360 311 447
falling 0.0960 702 178 990 280
falling 0.0699 508 497 694 680
falling 0.0646 877 555 1013 732
falling 0.0454 825 112 944 231
falling 0.0356 504 231 737 332
falling 0.0268 244 298 545 682
falling 0.0226 91 150 274 326
falling 0.0211 107 292 305 459
falling 0.0201 863 168 963 272
