falling 0.9611 147 182 326 299
falling 0.2928 130 252 236 293
falling 0.2444 36 174 307 313
falling 0.1355 136 221 289 290
falling 0.1290 4 204 308 404
falling 0.1216 3 333 333 409
falling 0.1170 0 177 135 403
falling 0.1023 157 101 367 336
falling 0.0791 22 221 236 319
falling 0.0705 176 179 406 373
falling 0.0589 191 44 353 252
falling 0.0441 301 387 427 410
falling 0.0294 60 139 378 381
falling 0.0292 -4 98 129 319
falling 0.0214 135 333 437 411
falling 0.0214 116 235 311 316
falling 0.0205 5 376 285 404
