falling 0.9444 48 114 104 157
falling 0.6587 89 49 283 139
falling 0.4252 37 108 139 163
falling 0.4215 23 150 295 207
falling 0.3548 164 101 254 126
falling 0.2127 77 79 199 155
falling 0.1712 85 93 149 164
falling 0.1194 89 96 253 148
falling 0.0941 30 97 107 155
falling 0.0602 96 121 299 213
falling 0.0524 43 106 91 146
falling 0.0355 9 134 85 159
falling 0.0318 1 73 83 156
falling 0.0308 54 71 294 176
falling 0.0299 89 106 122 170
falling 0.0242 0 126 161 194
falling 0.0208 15 77 173 151
