falling 0.9224 23 213 215 310
falling 0.7139 213 131 490 308
falling 0.7092 22 134 407 317
falling 0.6943 19 97 150 164
falling 0.3805 217 182 396 314
falling 0.3044 0 224 97 311
falling 0.2823 385 161 499 306
falling 0.2788 62 225 191 283
falling 0.2265 157 127 378 289
falling 0.2002 234 226 398 286
falling 0.1714 157 221 466 312
falling 0.1630 0 236 40 307
falling 0.1513 -1 179 160 322
falling 0.1470 6 155 254 310
falling 0.1036 336 244 445 281
falling 0.0940 59 120 295 259
falling 0.0586 4 275 115 315
falling 0.0468 0 232 17 309
falling 0.0460 374 55 488 188
falling 0.0414 113 99 239 260
falling 0.0402 258 124 395 245
falling 0.0286 3 269 74 310
falling 0.0234 260 193 497 297
falling 0.0223 73 186 368 287
