falling 0.9972 67 223 236 393
falling 0.3581 60 289 187 391
falling 0.2996 0 6 73 108
falling 0.2651 -2 98 119 349
falling 0.2267 160 264 236 402
falling 0.1102 140 201 239 376
falling 0.1040 69 194 233 320
falling 0.0995 10 185 126 414
falling 0.0842 0 188 72 396
falling 0.0677 3 128 191 314
falling 0.0522 -3 84 95 246
falling 0.0397 142 60 243 231
falling 0.0377 126 10 189 143
falling 0.0353 126 121 232 296
falling 0.0264 6 219 181 359
falling 0.0232 -2 49 117 194
falling 0.0232 38 94 236 225
