falling 0.9868 2 123 149 158
falling 0.8808 152 113 261 151
falling 0.3715 159 119 190 148
falling 0.3044 220 123 271 150
falling 0.2595 157 118 218 147
falling 0.1967 188 120 248 151
falling 0.1872 114 12 199 95
falling 0.1866 138 115 192 150
falling 0.1358 0 84 154 161
falling 0.1259 3 129 96 155
falling 0.1256 98 12 258 102
falling 0.0911 220 139 260 151
falling 0.0737 36 116 213 155
falling 0.0680 103 53 205 157
falling 0.0655 20 42 169 155
falling 0.0356 128 106 211 154
falling 0.0287 247 125 268 149
falling 0.0282 122 131 192 152
