falling 0.9768 219 205 499 365
falling 0.7741 362 202 485 343
falling 0.7418 210 277 449 358
falling 0.6295 629 91 734 179
falling 0.3774 19 225 126 277
falling 0.2112 91 149 169 220
falling 0.2106 679 92 740 156
falling 0.2097 623 121 707 186
falling 0.1960 1 230 127 341
falling 0.1916 654 78 750 164
falling 0.1530 585 481 672 540
falling 0.1224 4 298 55 346
falling 0.1082 323 136 403 240
falling 0.0995 76 149 189 259
falling 0.0942 6 237 102 290
falling 0.0871 -2 278 113 347
falling 0.0817 122 166 196 246
falling 0.0737 141 206 285 287
falling 0.0618 344 151 426 246
falling 0.0615 21 198 151 270
falling 0.0487 97 176 213 281
falling 0.0379 73 145 139 232
falling 0.0369 106 156 189 204
falling 0.0360 149 236 339 308
