falling 0.9811 110 140 251 200
falling 0.3757 287 77 410 288
falling 0.2283 244 267 437 292
falling 0.2187 279 166 430 284
falling 0.1684 1 150 99 268
falling 0.1552 196 141 245 196
falling 0.1412 294 275 438 291
falling 0.0820 222 245 420 292
falling 0.0687 317 253 439 293
falling 0.0650 262 279 405 291
falling 0.0598 79 82 138 157
falling 0.0485 360 262 439 290
falling 0.0464 97 156 247 252
falling 0.0431 17 223 227 293
falling 0.0250 162 220 377 291
falling 0.0211 381 82 440 279
