falling 0.9924 113 130 158 177
falling 0.9871 78 60 145 114
falling 0.9856 182 51 276 101
falling 0.9802 23 101 128 140
falling 0.9653 7 54 65 103
falling 0.9626 104 5 186 37
falling 0.8880 151 12 223 64
falling 0.4642 45 81 139 135
falling 0.3979 106 3 214 61
falling 0.1933 13 78 63 102
falling 0.1575 161 10 224 36
falling 0.1289 166 21 210 70
falling 0.0873 88 10 224 98
falling 0.0461 153 31 202 67
falling 0.0391 178 51 240 91
falling 0.0373 28 108 78 146
falling 0.0330 73 75 135 104
