falling 0.9333 82 71 197 150
falling 0.9255 166 168 263 220
falling 0.7560 166 149 352 221
falling 0.6528 -1 86 115 276
falling 0.6141 85 98 156 141
falling 0.3982 81 106 128 140
falling 0.3936 173 101 382 232
falling 0.1605 304 95 381 270
falling 0.1206 1 254 127 274
falling 0.1024 238 64 376 259
falling 0.0858 17 87 184 255
falling 0.0711 82 73 144 135
falling 0.0665 326 22 383 216
falling 0.0652 159 100 286 225
falling 0.0384 130 84 209 160
falling 0.0320 0 217 212 275
falling 0.0270 352 43 383 177
falling 0.0269 94 88 231 179
falling 0.0241 -3 184 156 270
