falling 0.9964 270 137 417 227
falling 0.9955 92 143 229 192
falling 0.5346 330 135 412 214
falling 0.3188 277 157 380 220
falling 0.2898 191 62 258 94
falling 0.2106 14 97 128 127
falling 0.1597 260 257 432 317
falling 0.1441 338 268 435 317
falling 0.1034 4 63 132 133
falling 0.0730 216 125 398 211
falling 0.0655 62 77 138 123
falling 0.0390 340 296 431 316
falling 0.0384 92 110 245 205
falling 0.0365 96 152 192 184
falling 0.0283 196 232 439 309
falling 0.0206 313 164 409 223
