falling 0.9752 180 185 331 252
falling 0.8824 62 158 230 232
falling 0.7878 220 232 355 288
falling 0.4756 167 144 351 272
falling 0.2598 0 180 33 213
falling 0.1686 71 105 383 253
falling 0.1223 396 99 584 267
falling 0.1126 104 156 322 245
falling 0.0952 103 247 231 279
falling 0.0815 277 169 372 252
falling 0.0681 260 86 303 117
falling 0.0680 401 79 518 116
falling 0.0680 197 222 430 299
falling 0.0572 195 213 320 260
falling 0.0381 193 203 386 279
falling 0.0295 261 206 348 245
falling 0.0282 50 245 300 301
falling 0.0274 -19 27 226 123
falling 0.0270 235 218 349 262
falling 0.0270 50 234 228 287
falling 0.0258 180 90 243 119
falling 0.0205 111 271 286 296
falling 0.0203 130 222 358 289
