falling 0.9507 330 225 510 286
falling 0.7991 65 252 497 365
falling 0.6082 -1 106 194 251
falling 0.5462 94 313 193 357
falling 0.4357 2 286 41 335
falling 0.4212 453 254 581 303
falling 0.4071 450 252 511 289
falling 0.2736 333 211 572 301
falling 0.2673 106 298 212 348
falling 0.1853 10 397 392 479
falling 0.1530 0 262 49 351
falling 0.1513 43 186 505 422
falling 0.1473 172 222 552 333
falling 0.1348 77 318 160 362
falling 0.1051 102 286 310 353
falling 0.0982 2 267 22 362
falling 0.0950 240 161 365 192
falling 0.0900 22 152 190 226
falling 0.0762 59 293 448 405
falling 0.0683 58 374 594 478
falling 0.0537 12 98 129 200
falling 0.0508 114 442 490 477
falling 0.0385 427 241 553 294
falling 0.0321 263 314 597 476
falling 0.0223 -4 285 68 342
