falling 0.9794 -2 137 166 236
falling 0.9782 106 149 315 270
falling 0.9427 292 68 419 249
falling 0.9124 205 31 331 154
falling 0.8268 300 85 462 178
falling 0.7827 138 109 401 272
falling 0.6288 -2 256 56 319
falling 0.5856 84 202 233 276
falling 0.5547 226 72 441 281
falling 0.3911 52 104 136 181
falling 0.3688 407 155 476 277
falling 0.2333 356 61 466 162
falling 0.2073 32 132 241 267
falling 0.1901 213 157 407 275
falling 0.1644 79 93 201 211
falling 0.1358 375 124 465 285
falling 0.0807 369 81 472 214
falling 0.0771 0 279 66 315
falling 0.0608 245 51 408 188
falling 0.0510 -4 66 203 245
