falling 0.9739 44 93 173 160
falling 0.8783 114 90 269 136
falling 0.6480 135 102 240 137
falling 0.6308 54 115 165 153
falling 0.5707 60 98 240 148
falling 0.3245 202 51 275 93
falling 0.2810 176 63 286 136
falling 0.1906 206 77 319 118
falling 0.1859 129 71 269 124
falling 0.1137 220 88 323 112
falling 0.0882 237 54 297 114
falling 0.0684 185 39 210 77
falling 0.0538 197 93 310 125
falling 0.0530 125 91 184 117
falling 0.0498 78 104 175 147
falling 0.0462 262 29 318 111
falling 0.0213 17 92 48 114
