falling 0.9762 37 63 211 178
falling 0.9097 -1 8 75 159
falling 0.9092 103 62 267 179
falling 0.7429 73 37 167 106
falling 0.6516 94 45 211 145
falling 0.5916 9 48 143 172
falling 0.3417 198 3 264 60
falling 0.3296 6 16 127 133
falling 0.3029 108 133 270 180
falling 0.2045 47 33 206 117
falling 0.1509 68 56 172 140
falling 0.1338 148 93 264 166
falling 0.1328 0 71 84 175
falling 0.1136 131 30 245 134
falling 0.1060 169 164 261 179
falling 0.0782 204 135 258 185
falling 0.0558 75 97 191 181
falling 0.0414 153 14 264 98
