falling 0.9212 7 149 178 179
falling 0.8856 39 7 100 126
falling 0.8003 101 60 172 118
falling 0.7159 97 59 237 117
falling 0.6207 169 30 223 113
falling 0.6002 170 41 260 122
falling 0.5168 6 126 197 179
falling 0.4723 89 7 159 96
falling 0.4412 93 38 155 113
falling 0.4241 9 82 176 178
falling 0.3892 70 16 209 117
falling 0.3029 221 4 267 90
falling 0.2289 109 72 163 110
falling 0.2129 28 20 129 164
falling 0.2038 191 4 263 106
falling 0.1855 137 43 217 124
falling 0.0753 189 63 266 136
falling 0.0355 73 154 199 178
falling 0.0326 224 110 270 131
falling 0.0320 110 5 250 111
falling 0.0315 54 72 168 123
falling 0.0254 250 95 267 134
falling 0.0220 48 48 221 168
