falling 0.9843 162 216 308 284
falling 0.9829 216 32 548 264
falling 0.4337 227 171 545 279
falling 0.2709 239 218 395 262
falling 0.2231 66 20 152 233
falling 0.2120 22 158 96 265
falling 0.1619 257 65 416 250
falling 0.1572 134 207 392 288
falling 0.1205 102 190 297 278
falling 0.1003 138 124 208 192
falling 0.0603 151 119 195 181
falling 0.0493 147 146 209 181
falling 0.0489 144 54 450 291
falling 0.0429 138 146 181 187
falling 0.0332 282 125 354 175
falling 0.0327 44 144 120 259
falling 0.0322 36 87 138 252
falling 0.0235 245 128 557 240
falling 0.0229 282 187 535 244
