falling 0.9842 89 193 507 571
falling 0.8896 2 147 131 235
falling 0.5494 90 372 476 563
falling 0.4900 0 155 65 222
falling 0.2067 11 121 234 211
falling 0.1815 413 0 528 25
falling 0.1142 0 42 72 92
falling 0.1115 119 49 192 212
falling 0.0672 434 3 604 25
falling 0.0657 181 61 322 133
falling 0.0609 22 117 133 214
falling 0.0501 218 29 309 118
falling 0.0366 230 88 641 454
falling 0.0362 152 70 514 357
falling 0.0336 280 206 572 552
falling 0.0267 139 123 445 483
falling 0.0238 110 81 234 220
