falling 0.9932 8 212 245 397
falling 0.9284 100 95 242 319
falling 0.6932 0 201 95 394
falling 0.3509 19 343 256 394
falling 0.1880 116 335 235 399
falling 0.1751 70 262 242 380
falling 0.1693 194 82 252 257
falling 0.0864 -2 8 81 203
falling 0.0814 2 284 195 374
falling 0.0694 167 341 233 401
falling 0.0628 148 371 239 399
falling 0.0521 157 279 241 394
falling 0.0449 197 136 253 316
falling 0.0377 20 375 175 400
falling 0.0267 181 4 254 194
falling 0.0238 104 10 247 219
falling 0.0213 94 167 214 306
