falling 0.9713 211 108 315 264
falling 0.8859 107 160 217 269
falling 0.7824 163 35 246 184
falling 0.7347 42 127 252 266
falling 0.3671 157 118 293 267
falling 0.2997 6 193 178 269
falling 0.2174 2 196 53 272
falling 0.1518 82 202 247 266
falling 0.1469 2 227 88 267
falling 0.1463 0 178 95 271
falling 0.0920 175 153 247 190
falling 0.0891 175 65 270 218
falling 0.0794 102 225 213 262
falling 0.0696 0 249 126 269
falling 0.0683 133 67 242 223
falling 0.0501 5 247 67 267
falling 0.0459 119 141 267 246
falling 0.0274 0 194 28 270
