falling 0.9913 311 51 481 179
falling 0.9842 204 102 459 352
falling 0.9708 246 23 406 61
falling 0.7416 309 147 507 215
falling 0.5555 298 119 506 321
falling 0.4416 72 28 327 377
falling 0.3213 447 31 499 97
falling 0.2573 229 51 498 284
falling 0.1567 232 10 439 69
falling 0.1193 412 14 501 99
falling 0.1029 331 8 503 99
falling 0.1006 215 90 322 169
falling 0.0598 236 292 504 377
falling 0.0572 32 8 281 227
falling 0.0335 153 272 418 380
falling 0.0322 246 28 329 62
falling 0.0271 249 12 290 54
falling 0.0212 243 7 324 54
