falling 0.9740 73 87 238 169
falling 0.7066 31 47 187 178
falling 0.3542 77 138 199 170
falling 0.2668 108 100 241 152
falling 0.2391 42 112 195 182
falling 0.2173 235 100 278 123
falling 0.1580 167 119 241 151
falling 0.1306 113 124 219 168
falling 0.1157 238 81 273 125
falling 0.1002 10 17 124 159
falling 0.0981 130 58 243 162
falling 0.0951 180 102 256 125
falling 0.0943 125 132 193 175
falling 0.0576 31 78 124 195
falling 0.0390 154 82 268 138
falling 0.0346 71 85 155 167
falling 0.0306 272 80 293 128
falling 0.0279 170 107 249 143
falling 0.0251 248 85 294 126
falling 0.0201 125 112 252 174
