falling 0.9942 132 445 510 664
falling 0.3279 258 124 365 214
falling 0.2438 236 183 333 375
falling 0.2139 267 253 348 327
falling 0.0995 299 102 492 531
falling 0.0793 128 429 370 625
falling 0.0784 131 478 250 594
falling 0.0672 269 152 472 383
falling 0.0443 266 156 350 218
falling 0.0416 270 126 331 161
falling 0.0393 245 124 484 290
falling 0.0359 242 90 395 225
falling 0.0313 145 482 324 614
falling 0.0274 162 226 467 653
falling 0.0208 277 174 379 228
falling 0.0201 223 265 451 462
