falling 0.9383 111 175 282 467
falling 0.8700 179 216 407 585
falling 0.7155 402 219 472 351
falling 0.5101 122 183 271 319
falling 0.2854 331 69 464 319
falling 0.2272 295 517 512 616
falling 0.2072 142 308 251 452
falling 0.1882 238 357 402 611
falling 0.1872 333 153 437 297
falling 0.1462 287 189 414 271
falling 0.1424 317 556 455 616
falling 0.0844 12 103 80 199
falling 0.0792 387 214 502 371
falling 0.0570 143 224 349 483
falling 0.0564 282 93 426 288
falling 0.0487 160 361 260 441
falling 0.0426 323 181 495 317
falling 0.0413 337 66 407 261
falling 0.0370 281 457 447 627
falling 0.0367 108 356 449 635
falling 0.0362 439 468 505 603
falling 0.0283 461 490 509 616
falling 0.0264 313 382 511 616
falling 0.0224 178 398 262 449
