falling 0.9751 12 95 159 203
falling 0.9562 3 116 93 204
falling 0.9383 241 112 309 202
falling 0.9112 199 32 329 90
falling 0.7810 151 112 270 203
falling 0.7719 331 139 398 202
falling 0.7473 321 14 395 95
falling 0.6465 4 20 141 126
falling 0.3837 64 123 208 204
falling 0.3589 251 113 399 203
falling 0.3366 10 173 126 199
falling 0.2647 204 8 253 47
falling 0.2223 352 148 391 200
falling 0.2088 39 145 165 204
falling 0.1477 286 25 369 97
falling 0.1451 85 186 204 201
falling 0.1314 60 168 206 205
falling 0.1056 225 157 323 203
falling 0.0814 142 152 292 199
falling 0.0589 325 185 399 201
falling 0.0581 111 81 205 193
falling 0.0496 244 176 313 203
falling 0.0473 102 162 246 204
falling 0.0341 112 34 246 187
falling 0.0321 37 59 136 155
falling 0.0222 253 27 346 92
