falling 0.9930 95 88 148 125
falling 0.9158 208 116 265 156
falling 0.6122 205 110 323 166
falling 0.6059 12 171 116 189
falling 0.5602 2 170 65 189
falling 0.4208 304 78 340 134
falling 0.4196 269 60 293 99
falling 0.3528 6 162 86 187
falling 0.3419 52 177 151 189
falling 0.2824 124 63 271 189
falling 0.1800 143 111 174 137
falling 0.1526 7 158 149 189
falling 0.1423 258 160 321 187
falling 0.1085 60 174 205 190
falling 0.0882 166 163 215 185
falling 0.0851 207 125 304 159
falling 0.0806 181 109 273 181
falling 0.0795 195 93 342 191
falling 0.0707 195 159 339 191
falling 0.0663 82 158 234 191
falling 0.0387 201 27 335 171
falling 0.0361 165 168 255 188
falling 0.0349 289 179 337 190
falling 0.0348 109 98 158 131
falling 0.0318 133 156 292 190
falling 0.0289 135 91 316 172
falling 0.0265 161 147 331 186
falling 0.0229 71 89 162 132
falling 0.0218 108 94 264 157
falling 0.0216 247 172 321 190
