falling 0.9937 58 59 196 198
falling 0.8777 74 0 158 89
falling 0.7427 0 153 46 225
falling 0.6616 0 86 46 232
falling 0.6436 0 89 44 164
falling 0.5254 0 14 59 153
falling 0.4112 20 16 84 112
falling 0.1357 54 58 189 132
falling 0.0831 108 2 175 74
falling 0.0764 2 73 69 167
falling 0.0512 3 50 101 123
falling 0.0468 0 212 144 250
falling 0.0427 4 11 129 126
falling 0.0326 112 85 195 195
falling 0.0322 1 62 85 226
falling 0.0319 5 12 57 82
falling 0.0315 10 98 144 226
falling 0.0221 7 49 131 182
falling 0.0202 54 51 137 158
