falling 0.9845 100 112 204 162
falling 0.9570 103 73 284 161
falling 0.9499 212 117 274 159
falling 0.5998 244 120 275 161
falling 0.4463 28 57 110 125
falling 0.3889 189 103 280 161
falling 0.2658 65 59 115 124
falling 0.2457 120 95 238 156
falling 0.2047 98 118 138 146
falling 0.1048 21 86 86 122
falling 0.0897 18 63 75 111
falling 0.0440 100 114 164 145
falling 0.0433 231 79 313 106
falling 0.0348 41 90 113 120
falling 0.0341 0 89 23 126
falling 0.0315 75 85 115 122
falling 0.0239 132 67 228 142
falling 0.0226 192 2 257 119
