falling 0.9712 0 91 57 166
falling 0.9152 135 113 227 152
falling 0.8747 4 85 126 166
falling 0.8671 99 74 185 146
falling 0.6577 157 72 248 127
falling 0.2764 160 97 237 124
falling 0.2091 125 111 286 163
falling 0.1998 105 90 173 131
falling 0.1842 90 80 261 152
falling 0.1574 132 90 236 134
falling 0.1544 84 62 214 132
falling 0.1011 156 75 211 108
falling 0.0701 17 58 152 150
falling 0.0511 53 24 184 141
falling 0.0266 150 100 286 142
falling 0.0244 10 132 150 169
falling 0.0214 146 69 185 117
falling 0.0209 179 24 220 49
