falling 0.9980 41 82 130 173
falling 0.8986 153 32 234 173
falling 0.8113 169 123 214 175
falling 0.4395 24 47 54 75
falling 0.3411 15 8 59 72
falling 0.2657 23 17 60 39
falling 0.1795 64 38 94 63
falling 0.1591 160 91 225 171
falling 0.1573 167 2 224 9
falling 0.1462 96 91 132 154
falling 0.1318 66 16 97 64
falling 0.1246 221 0 267 8
falling 0.0831 143 15 241 120
falling 0.0529 16 14 42 43
falling 0.0527 127 9 144 24
falling 0.0489 207 2 231 16
falling 0.0426 121 45 208 175
falling 0.0413 24 1 98 9
falling 0.0403 157 121 247 178
falling 0.0282 58 74 190 170
falling 0.0259 213 6 232 18
falling 0.0217 77 80 145 164
