falling 0.9966 114 48 418 316
falling 0.8567 45 193 108 224
falling 0.8436 116 230 451 310
falling 0.7490 177 234 390 288
falling 0.6884 4 1 104 29
falling 0.5589 248 -1 380 32
falling 0.3759 307 228 451 311
falling 0.2823 219 189 448 320
falling 0.1947 78 153 430 291
falling 0.1755 110 62 277 244
falling 0.1315 319 270 451 316
falling 0.1079 4 244 381 321
falling 0.1065 -4 32 343 255
falling 0.0419 213 85 484 333
falling 0.0386 358 1 507 91
falling 0.0303 169 33 348 265
falling 0.0222 421 27 501 70
