falling 0.9913 53 422 308 542
falling 0.8802 210 477 306 540
falling 0.6716 179 77 325 224
falling 0.6707 181 436 323 548
falling 0.5805 13 447 225 543
falling 0.4268 94 62 318 417
falling 0.3706 202 447 274 542
falling 0.3152 212 124 294 191
falling 0.1859 33 284 301 547
falling 0.1464 182 504 307 545
falling 0.1416 262 326 359 456
falling 0.0938 6 513 101 550
falling 0.0506 86 472 326 547
falling 0.0377 -6 42 333 299
falling 0.0363 162 65 352 321
falling 0.0358 100 327 177 360
falling 0.0313 -1 278 92 478
falling 0.0269 5 514 212 549
falling 0.0232 109 519 301 548
