falling 0.9938 95 89 148 125
falling 0.9191 214 113 268 158
falling 0.5943 20 173 135 189
falling 0.5418 2 170 65 189
falling 0.5415 205 110 324 166
falling 0.3851 6 164 106 189
falling 0.3603 303 82 340 135
falling 0.2911 89 30 285 187
falling 0.2660 269 59 293 97
falling 0.2583 123 101 319 190
falling 0.1628 143 110 174 137
falling 0.1517 262 162 319 188
falling 0.1014 59 174 207 190
falling 0.0922 166 163 214 185
falling 0.0697 196 159 339 191
falling 0.0636 181 108 273 182
falling 0.0498 51 160 198 190
falling 0.0469 171 130 335 179
falling 0.0452 288 179 338 190
falling 0.0335 167 52 337 165
falling 0.0326 164 168 256 188
falling 0.0243 109 95 264 156
falling 0.0212 71 88 162 132
falling 0.0211 284 169 341 190
