falling 0.9958 328 171 427 295
falling 0.9468 235 179 424 293
falling 0.8766 -2 41 130 297
falling 0.7058 -5 185 102 298
falling 0.6516 146 204 262 300
falling 0.5570 359 202 432 274
falling 0.3999 19 215 227 300
falling 0.2598 149 197 354 293
falling 0.2463 326 243 428 293
falling 0.1021 9 111 196 298
falling 0.1007 437 72 556 164
falling 0.0856 306 167 491 299
falling 0.0805 193 114 350 254
falling 0.0604 91 166 318 295
falling 0.0447 338 214 509 297
falling 0.0303 225 138 391 269
