falling 0.9379 6 140 86 193
falling 0.9049 80 121 166 150
falling 0.6770 103 163 176 194
falling 0.4067 81 100 174 157
falling 0.3420 123 165 252 194
falling 0.3214 3 169 80 192
falling 0.3076 28 100 90 135
falling 0.2765 142 138 232 195
falling 0.2301 83 129 139 150
falling 0.1791 87 154 231 193
falling 0.1611 7 93 127 134
falling 0.1176 223 133 308 156
falling 0.1157 158 176 265 193
falling 0.0929 203 127 325 190
falling 0.0777 14 148 148 191
falling 0.0675 113 125 270 196
falling 0.0654 165 150 311 195
falling 0.0642 197 128 258 196
falling 0.0444 42 117 166 158
falling 0.0306 75 66 157 164
falling 0.0258 104 68 173 150
falling 0.0230 8 121 133 172
falling 0.0225 181 179 301 192
falling 0.0225 33 78 163 143
falling 0.0215 42 114 214 196
falling 0.0214 214 112 308 171
