falling 0.9776 153 308 313 364
falling 0.9504 39 305 146 359
falling 0.9499 451 255 597 291
falling 0.5861 136 308 187 363
falling 0.5250 402 330 459 362
falling 0.4999 1 315 60 364
falling 0.4176 124 275 227 331
falling 0.3467 71 310 193 364
falling 0.1800 -4 307 96 359
falling 0.1738 16 300 222 369
falling 0.1516 80 262 199 327
falling 0.1146 14 325 114 362
falling 0.1079 129 293 209 342
falling 0.0963 76 288 160 354
falling 0.0651 127 279 349 358
falling 0.0536 138 323 267 366
falling 0.0524 374 319 449 359
falling 0.0515 189 299 314 348
falling 0.0454 133 287 269 337
falling 0.0442 114 256 279 370
falling 0.0420 32 327 149 370
falling 0.0397 47 220 187 359
falling 0.0390 351 310 422 354
falling 0.0365 227 320 314 361
falling 0.0273 145 311 213 358
falling 0.0210 0 294 25 365
