falling 0.9952 327 256 438 300
falling 0.9536 253 253 300 294
falling 0.8232 316 251 371 296
falling 0.7662 9 213 70 276
falling 0.6800 413 282 535 336
falling 0.1867 280 262 390 296
falling 0.1776 373 319 563 338
falling 0.1626 295 215 374 291
falling 0.1559 308 242 387 284
falling 0.1015 371 302 526 335
falling 0.0782 361 264 454 304
falling 0.0400 336 288 528 327
falling 0.0371 319 226 451 300
falling 0.0302 356 233 593 337
falling 0.0241 249 255 349 296
falling 0.0208 23 228 88 279
