falling 0.9566 164 218 319 277
falling 0.7584 158 190 318 263
falling 0.2118 256 202 317 275
falling 0.1937 202 167 259 204
falling 0.1449 269 247 458 316
falling 0.0975 454 127 494 152
falling 0.0814 167 212 265 262
falling 0.0806 298 286 467 315
falling 0.0487 116 105 170 154
falling 0.0431 218 177 324 277
falling 0.0402 413 236 478 311
falling 0.0333 23 123 53 157
falling 0.0325 308 262 427 317
falling 0.0325 399 164 482 311
falling 0.0304 31 121 65 156
falling 0.0277 128 118 160 152
falling 0.0266 27 149 96 185
falling 0.0227 121 125 155 159
falling 0.0219 344 235 501 316
