falling 0.9966 47 402 318 639
falling 0.7069 66 197 452 404
falling 0.6160 333 189 400 255
falling 0.5565 16 27 108 101
falling 0.2857 240 213 360 257
falling 0.2713 19 232 286 478
falling 0.2292 37 45 114 93
falling 0.1581 234 219 445 372
falling 0.1460 57 458 232 636
falling 0.1177 329 322 416 418
falling 0.1020 237 405 416 467
falling 0.0584 204 408 306 508
falling 0.0554 230 199 400 288
falling 0.0349 151 402 347 519
falling 0.0264 66 308 388 599
falling 0.0243 334 162 421 273
falling 0.0218 290 193 392 266
falling 0.0202 304 298 449 482
