falling 0.9797 349 227 478 276
falling 0.7586 343 189 482 282
falling 0.6531 243 231 298 270
falling 0.5847 1 216 145 289
falling 0.5325 1 219 56 286
falling 0.5227 143 161 261 267
falling 0.4919 284 240 334 287
falling 0.3196 6 171 188 288
falling 0.2096 9 215 86 270
falling 0.2029 14 54 269 259
falling 0.2014 25 216 133 257
falling 0.1514 282 217 352 292
falling 0.1448 23 178 81 252
falling 0.1373 343 81 484 292
falling 0.0966 144 221 252 265
falling 0.0699 11 224 65 260
falling 0.0693 158 238 261 267
falling 0.0597 121 74 270 278
falling 0.0557 212 193 293 267
falling 0.0494 76 128 211 249
falling 0.0428 344 244 434 279
falling 0.0322 110 214 285 275
falling 0.0254 284 151 503 279
falling 0.0239 57 192 241 278
falling 0.0235 402 150 495 277
falling 0.0231 288 222 399 288
