falling 0.9722 0 196 642 531
falling 0.9563 197 316 606 447
falling 0.9135 482 69 771 303
falling 0.5038 89 64 133 153
falling 0.2580 -5 162 386 479
falling 0.2206 300 421 662 552
falling 0.1694 397 316 588 432
falling 0.1061 160 557 364 599
falling 0.1037 -10 245 237 592
falling 0.0921 190 82 825 331
falling 0.0662 150 386 634 575
falling 0.0630 160 269 679 491
falling 0.0620 369 401 798 564
falling 0.0538 406 132 565 373
falling 0.0488 183 537 476 600
falling 0.0473 157 520 611 601
falling 0.0459 448 104 622 353
falling 0.0445 668 194 806 263
falling 0.0341 567 103 785 265
falling 0.0294 71 81 137 195
falling 0.0226 250 221 513 446
falling 0.0224 204 360 501 445
falling 0.0204 23 412 409 598
